1 1.0 2.8952040381530515
2 1.8952039112178571 2.8952040381530515
6 2.7188530869832928 2.8952040381530515
9 3.4398501619887583 2.8952040381530515
12 4.03097353140135 2.8952040381530515
15 4.469905098095462 2.8952040381530515
18 4.740072868505484 2.8952040381530515
21 4.831276596656311 2.8952040381530515
24 4.740072868505484 2.8952040381530515
27 4.469905098095462 2.8952040381530515
30 4.03097353140135 2.8952040381530515
33 3.4398501619887583 2.8952040381530515
36 2.7188530869832928 2.8952040381530515
39 1.8952039112178563 2.8952040381530515
42 0.9999999999999998 2.8952040381530515
